{
  "catboost": {
    "roc_auc": 0.7278339986585896,
    "pr_auc": 0.13552210968972173,
    "f1": 0.21434599156118145,
    "accuracy": 0.9069,
    "decision_threshold": 0.6504351848093981,
    "threshold_strategy": "f1",
    "threshold_precision": 0.17712691771269176,
    "threshold_recall": 0.27136752136752135,
    "threshold_f1": 0.2143459915611814,
    "optuna_trials": 200,
    "optuna_metric": "f1",
    "optuna_best_params": {
      "depth": 6,
      "learning_rate": 0.015388171476834508,
      "l2_leaf_reg": 6.451728354819425,
      "iterations": 604,
      "border_count": 64,
      "bagging_temperature": 4.317015302006269,
      "random_strength": 1.2372780355821873
    }
  }
}